Probes,1,2,3,4,5,6,7,8,9,10,11
1,0,27.9563916667,9.94125,16.9994983333,16.83038,19.9668266667,37.9327466667,22.8388156667,19.9606816667,15.9842916667,19.71569
2,27.9563916667,0,17.983492,19.69442,16.9354683333,19.5132816667,34.7355716667,27.0260956667,33.0292083333,38.0637616667,34.1610483333
3,9.94125,17.983492,0,12.2594533333,9.328645,10.9782916667,37.3356616667,21.5134046667,20.91461,23.449795,26.0167316667
4,16.9994983333,19.69442,12.2594533333,0,6.591195,20.455865,22.7193,19.3900133333,18.720375,38.2460066667,45.9558966667
5,16.83038,16.9354683333,9.328645,6.591195,0,9.8399133333,29.0618066667,14.1451973333,20.6733666667,40.8129983333,52.0868466667
6,19.9668266667,19.5132816667,10.9782916667,20.455865,9.8399133333,0,58.2060666667,16.170326,16.741265,42.3511533333,34.8438616667
7,37.9327466667,34.7355716667,37.3356616667,22.7193,29.0618066667,58.2060666667,0,1.6305983333,21.51566,36.4069833333,54.17953
8,22.8388156667,27.0260956667,21.5134046667,19.3900133333,14.1451973333,16.170326,1.6305983333,0,20.3591883333,18.90526,42.8308966667
9,19.9606816667,33.0292083333,20.91461,18.720375,20.6733666667,16.741265,21.51566,20.3591883333,0,18.6009016667,32.7561733333
10,15.9842916667,38.0637616667,23.449795,38.2460066667,40.8129983333,42.3511533333,36.4069833333,18.90526,18.6009016667,0,32.0735
11,19.71569,34.1610483333,26.0167316667,45.9558966667,52.0868466667,34.8438616667,54.17953,42.8308966667,32.7561733333,32.0735,0
