Probes,1,2,3,4,5,6,7,8,9,10,11,12,13,14,15,16,17,18,19,20,21,22,23,24,25,26,27,28,29,30,31,32,33,34,35,36,37,38,39,40,41,42,43,44,45,46,47,48,49,50
1,0,28.080345,16.3248673333,17.17804,19.8456316667,20.2506266667,25.32099,22.534586,17.510985,17.0981716667
2,28.080345,0,12.261122,19.8739366667,17.0175716667,19.6071633333,28.9711133333,27.0261473333,34.3206333333,37.5856216667
3,16.3248673333,12.261122,0,12.357925,8.8073333333,10.9698116667,18.9877116667,21.441428,30.62665,26.34784
4,17.17804,19.8739366667,12.357925,0,8.738665,12.16181,23.7816,19.1750016667,29.1067966667,27.28854
5,19.8456316667,17.0175716667,8.8073333333,8.738665,0,25.945,29.0821733333,30.4996926667,57.3222016667,46.614715
6,20.2506266667,19.6071633333,10.9698116667,12.16181,25.945,0,30.6454433333,16.232889,18.8980983333,31.26819
7,25.32099,28.9711133333,18.9877116667,23.7816,29.0821733333,30.6454433333,0,1.6062493333,42.507015,25.3075833333
8,22.534586,27.0261473333,21.441428,19.1750016667,30.4996926667,16.232889,1.6062493333,0,33.04808,21.4183233333
9,17.510985,34.3206333333,30.62665,29.1067966667,57.3222016667,18.8980983333,42.507015,33.04808,0,21.0776983333
10,17.0981716667,37.5856216667,26.34784,27.28854,46.614715,31.26819,25.3075833333,21.4183233333,21.0776983333,0
