Probes,1,2,3,4,5,6,7,8,9,10,11,12,13,14,15,16,17,18,19,20,21,22,23,24,25,26,27,28,29,30,31,32,33,34,35
1,0,27.8896866667,10.075906,17.225725,19.6575316667,19.5841533333,25.5081566667,22.4310426667,26.491485,15.579255,45.1650783333,2000,162.2169566667,2000,2000,181.3726683333,160.3926,164.356265,2000,128.3988736667,132.6651366667,122.0610133333,2000,2000,392.335315,79.7049716667,152.49812,96.07364,2000,107.9257666667,226.1145616667,181.1529283333,2000,250.03402,65.2008616667
2,27.8896866667,0,41.0227286667,19.921915,16.996585,19.482575,29.3015866667,26.926961,33.0230716667,37.9299483333,33.47056,2000,156.8166516667,165.9223916667,2000,168.8058,156.8753983333,161.12721,142.51349,218.2031796667,133.4515166667,132.1438466667,125.1521866667,2000,97.8431283333,94.0119216667,103.9846533333,93.46228,2000,101.661315,241.0486016667,184.7887083333,2000,265.4762416667,60.04361
3,10.075906,41.0227286667,0,12.2899933333,11.75391,11.0078583333,18.7451116667,21.3072073333,31.15137,22.5490583333,25.4210966667,2000,139.9814283333,2000,2000,154.1823216667,165.2784383333,168.5520183333,2000,169.9801943333,122.4960983333,129.6941083333,2000,2000,93.7132333333,75.1812883333,85.8048916667,96.1767516667,2000,98.5187566667,228.39299,175.662965,2000,249.2863933333,54.8240416667
4,17.225725,19.921915,12.2899933333,0,6.5722266667,8.6927,23.5563375,19.18687,18.5640433333,23.8810383333,29.9138333333,2000,151.9244366667,2000,2000,170.3052683333,155.3891233333,156.663565,2000,151.0981426667,163.2203966667,109.88565,2000,2000,102.6069466667,96.4329016667,105.20965,120.9990716667,2000,119.9165516667,223.6443633333,174.264125,2000,230.2277133333,59.371945
5,19.6575316667,16.996585,11.75391,6.5722266667,0,9.64396,29.3929133333,13.7916923333,20.7160666667,27.7671133333,35.5602316667,141.3530483333,176.382035,173.7860466667,2000,180.0373,167.1495483333,171.85126,145.9696816667,212.7629226667,210.5052016667,122.95831,145.3551316667,2000,106.1830966667,84.9532316667,160.150185,100.927785,2000,112.7696333333,240.8541866667,174.6086166667,2000,250.4864433333,59.05523
6,19.5841533333,19.482575,11.0078583333,8.6927,9.64396,0,30.5966833333,16.1759873333,15.847915,29.8760416667,21.3192516667,2000,149.2176316667,2000,2000,176.8279016667,159.66773,164.2000816667,2000,141.6394523333,157.5523133333,121.64725,2000,2000,394.4006233333,97.2139383333,97.996385,103.1820033333,2000,122.6982516667,234.66391,173.5641566667,2000,279.43749,51.6729516667
7,25.5081566667,29.3015866667,18.7451116667,23.5563375,29.3929133333,30.5966833333,0,2.5099976667,51.9241,21.15667,49.4445983333,2000,194.7379566667,2000,2000,195.093565,181.9650266667,185.93447,2000,153.5511346667,165.4207983333,127.6784916667,2000,2000,123.58635,102.5496833333,125.80921,114.91688,2000,171.7196633333,245.3506566667,183.27066,2000,280.965165,63.34741
8,22.4310426667,26.926961,21.3072073333,19.18687,13.7916923333,16.1759873333,2.5099976667,0,19.009245,18.6381566667,47.419315,174.054445,177.2941533333,185.5753416667,2000,192.0689566667,170.2981416667,172.606385,169.2128366667,191.1278463333,164.0883133333,123.3359566667,147.0557266667,2000,428.14035,106.1223083333,112.55833,116.0810816667,2000,115.94491,244.5422333333,242.294505,2000,355.2684683333,70.2382533333
9,26.491485,33.0230716667,31.15137,18.5640433333,20.7160666667,15.847915,51.9241,19.009245,0,24.0013583333,18.44027,143.2522233333,169.4204733333,179.0778233333,2000,181.2074066667,164.1185533333,168.305715,150.7885666667,144.2926366667,159.04438,123.5377966667,129.072405,2000,111.6037075,99.9776,103.0367183333,108.9113466667,2000,123.9850233333,237.0514116667,175.0163033333,2000,358.8283633333,65.9770166667
10,15.579255,37.9299483333,22.5490583333,23.8810383333,27.7671133333,29.8760416667,21.15667,18.6381566667,24.0013583333,0,36.6184533333,151.7693383333,169.64241,195.5861933333,2000,190.8000183333,175.58712,178.8941166667,162.7866716667,263.6557326667,145.8786216667,177.041495,137.5175966667,2000,151.66367,98.82982,112.4561566667,106.97611,2000,124.2460566667,245.4025583333,244.362905,2000,195.2777583333,65.8512816667
11,45.1650783333,33.47056,25.4210966667,29.9138333333,35.5602316667,21.3192516667,49.4445983333,47.419315,18.44027,36.6184533333,0,179.92607,197.4066566667,187.1961233333,2000,191.2615033333,180.7035233333,205.6028066667,173.454005,301.1925083333,171.4095766667,137.1965766667,135.4670866667,2000,124.364635,104.722135,137.1898633333,116.83102,2000,133.5275,242.69218,179.186005,2000,292.9632366667,78.6557216667
12,2000,2000,2000,2000,141.3530483333,2000,2000,174.054445,143.2522233333,151.7693383333,179.92607,0,45.38063,2000,2000,54.7188683333,35.2754633333,71.9876666667,2000,81.3429923333,95.77457,88.5199,2000,2000,422.30521,83.75562,78.646375,89.3811466667,2000,70.6718633333,201.9437833333,164.18741,2000,122.15716,222.011455
13,162.2169566667,156.8166516667,139.9814283333,151.9244366667,176.382035,149.2176316667,194.7379566667,177.2941533333,169.4204733333,169.64241,197.4066566667,45.38063,0,2000,2000,2000,2000,2000,2000,2000,2000,2000,2000,2000,2000,2000,2000,2000,2000,2000,2000,2000,2000,2000,2000
14,2000,165.9223916667,2000,2000,173.7860466667,2000,2000,185.5753416667,179.0778233333,195.5861933333,187.1961233333,2000,2000,0,2000,50.9308466667,43.07082,45.3502716667,2000,159.644448,115.8186283333,82.727485,2000,2000,102.764995,77.253205,94.7987516667,105.0343316667,2000,99.4918833333,227.552315,191.0148316667,2000,114.825165,231.6107383333
15,2000,2000,2000,2000,2000,2000,2000,2000,2000,2000,2000,2000,2000,2000,0,51.9454566667,37.127815,41.6506316667,2000,288.265274,100.74413,80.8414233333,2000,2000,94.8399466667,82.91028,111.11696,115.3918133333,2000,110.802625,226.45335,214.406685,2000,127.77912,237.1020666667
16,181.3726683333,168.8058,154.1823216667,170.3052683333,180.0373,176.8279016667,195.093565,192.0689566667,181.2074066667,190.8000183333,191.2615033333,54.7188683333,2000,50.9308466667,51.9454566667,0,53.910115,59.11417,37.16315,121.2121843333,114.6976066667,82.9862316667,123.4903766667,2000,83.4018033333,89.21953,101.4162516667,118.444475,2000,100.7076816667,221.1682033333,236.19862,2000,138.7938833333,225.9482916667
17,160.3926,156.8753983333,165.2784383333,155.3891233333,167.1495483333,159.66773,181.9650266667,170.2981416667,164.1185533333,175.58712,180.7035233333,35.2754633333,2000,43.07082,37.127815,53.910115,0,26.7053766667,34.6822933333,179.468068,97.1954816667,62.2453233333,98.2035616667,2000,66.88862,82.5594716667,91.34712,95.6221816667,2000,104.7378483333,202.413555,170.99751,2000,136.7977433333,200.9652133333
18,164.356265,161.12721,168.5520183333,156.663565,171.85126,164.2000816667,185.93447,172.606385,168.305715,178.8941166667,205.6028066667,71.9876666667,2000,45.3502716667,41.6506316667,59.11417,26.7053766667,0,26.7314933333,117.4889193333,108.6514633333,61.4254333333,97.2666483333,2000,69.1382283333,91.5246433333,92.5479166667,102.98469,2000,102.7590083333,195.5400716667,181.2700483333,2000,121.4268283333,204.64867
19,2000,142.51349,2000,2000,145.9696816667,2000,2000,169.2128366667,150.7885666667,162.7866716667,173.454005,2000,2000,2000,2000,37.16315,34.6822933333,26.7314933333,0,77.324048,56.6174783333,58.45947,73.055595,2000,377.1868183333,96.419105,68.4937766667,78.60386,2000,70.1478366667,200.73553,159.3179483333,2000,126.688395,208.8937416667
20,128.3988736667,218.2031796667,169.9801943333,151.0981426667,212.7629226667,141.6394523333,153.5511346667,191.1278463333,144.2926366667,263.6557326667,301.1925083333,81.3429923333,2000,159.644448,288.265274,121.2121843333,179.468068,117.4889193333,77.324048,0,93.1388775,38.3058825,2000,2000,378.61328,49.6785933333,59.66729,2000,2000,74.6104625,165.1914275,216.8871866667,2000,171.5170266667,171.2534516667
21,132.6651366667,133.4515166667,122.4960983333,163.2203966667,210.5052016667,157.5523133333,165.4207983333,164.0883133333,159.04438,145.8786216667,171.4095766667,95.77457,2000,115.8186283333,100.74413,114.6976066667,97.1954816667,108.6514633333,56.6174783333,93.1388775,0,47.7618566667,2000,2000,35.09842,55.5878483333,64.38426,69.873345,2000,56.6676516667,199.03793,219.2625066667,2000,181.39908,186.2989533333
22,122.0610133333,132.1438466667,129.6941083333,109.88565,122.95831,121.64725,127.6784916667,123.3359566667,123.5377966667,177.041495,137.1965766667,88.5199,2000,82.727485,80.8414233333,82.9862316667,62.2453233333,61.4254333333,58.45947,38.3058825,47.7618566667,0,2000,2000,368.9221266667,59.22101,61.6427416667,75.4850616667,2000,66.17497,165.0376566667,282.1764333333,2000,166.2400483333,157.36611
23,2000,125.1521866667,2000,2000,145.3551316667,2000,2000,147.0557266667,129.072405,137.5175966667,135.4670866667,2000,2000,2000,2000,123.4903766667,98.2035616667,97.2666483333,73.055595,2000,2000,2000,0,2000,49.7979883333,41.1115866667,45.81984,45.743295,2000,66.981955,148.2989616667,237.806195,2000,194.7285,157.8188116667
24,2000,2000,2000,2000,2000,2000,2000,2000,2000,2000,2000,2000,2000,2000,2000,2000,2000,2000,2000,2000,2000,2000,2000,0,59.5333166667,56.5450533333,64.3459416667,70.594415,2000,83.6312283333,143.3782766667,255.73021,2000,202.722755,190.5412133333
25,392.335315,97.8431283333,93.7132333333,102.6069466667,106.1830966667,394.4006233333,123.58635,428.14035,111.6037075,151.66367,124.364635,422.30521,2000,102.764995,94.8399466667,83.4018033333,66.88862,69.1382283333,377.1868183333,378.61328,35.09842,368.9221266667,49.7979883333,59.5333166667,0,29.3593266667,30.1378183333,34.3803316667,2000,39.9369833333,154.733265,232.124925,2000,151.9871716667,154.169535
26,79.7049716667,94.0119216667,75.1812883333,96.4329016667,84.9532316667,97.2139383333,102.5496833333,106.1223083333,99.9776,98.82982,104.722135,83.75562,2000,77.253205,82.91028,89.21953,82.5594716667,91.5246433333,96.419105,49.6785933333,55.5878483333,59.22101,41.1115866667,56.5450533333,29.3593266667,0,15.0045666667,21.4116666667,2000,36.834355,148.5262916667,227.9296166667,2000,164.37861,129.6498533333
27,152.49812,103.9846533333,85.8048916667,105.20965,160.150185,97.996385,125.80921,112.55833,103.0367183333,112.4561566667,137.1898633333,78.646375,2000,94.7987516667,111.11696,101.4162516667,91.34712,92.5479166667,68.4937766667,59.66729,64.38426,61.6427416667,45.81984,64.3459416667,30.1378183333,15.0045666667,0,26.0751666667,2000,47.7533216667,163.184925,232.0891266667,2000,187.8804783333,133.8064883333
28,96.07364,93.46228,96.1767516667,120.9990716667,100.927785,103.1820033333,114.91688,116.0810816667,108.9113466667,106.97611,116.83102,89.3811466667,2000,105.0343316667,115.3918133333,118.444475,95.6221816667,102.98469,78.60386,2000,69.873345,75.4850616667,45.743295,70.594415,34.3803316667,21.4116666667,26.0751666667,0,2000,41.725115,154.9456116667,235.291345,2000,184.1073866667,143.98969
29,2000,2000,2000,2000,2000,2000,2000,2000,2000,2000,2000,2000,2000,2000,2000,2000,2000,2000,2000,2000,2000,2000,2000,2000,2000,2000,2000,2000,0,62.1975533333,147.43827,234.3854666667,2000,188.8697366667,147.255405
30,107.9257666667,101.661315,98.5187566667,119.9165516667,112.7696333333,122.6982516667,171.7196633333,115.94491,123.9850233333,124.2460566667,133.5275,70.6718633333,2000,99.4918833333,110.802625,100.7076816667,104.7378483333,102.7590083333,70.1478366667,74.6104625,56.6676516667,66.17497,66.981955,83.6312283333,39.9369833333,36.834355,47.7533216667,41.725115,62.1975533333,0,181.6085816667,254.1841583333,2000,201.9320366667,165.577455
31,226.1145616667,241.0486016667,228.39299,223.6443633333,240.8541866667,234.66391,245.3506566667,244.5422333333,237.0514116667,245.4025583333,242.69218,201.9437833333,2000,227.552315,226.45335,221.1682033333,202.413555,195.5400716667,200.73553,165.1914275,199.03793,165.0376566667,148.2989616667,143.3782766667,154.733265,148.5262916667,163.184925,154.9456116667,147.43827,181.6085816667,0,350.043505,2000,370.2916683333,271.9687233333
32,181.1529283333,184.7887083333,175.662965,174.264125,174.6086166667,173.5641566667,183.27066,242.294505,175.0163033333,244.362905,179.186005,164.18741,2000,191.0148316667,214.406685,236.19862,170.99751,181.2700483333,159.3179483333,216.8871866667,219.2625066667,282.1764333333,237.806195,255.73021,232.124925,227.9296166667,232.0891266667,235.291345,234.3854666667,254.1841583333,350.043505,0,2000,67.014165,293.232345
33,2000,2000,2000,2000,2000,2000,2000,2000,2000,2000,2000,2000,2000,2000,2000,2000,2000,2000,2000,2000,2000,2000,2000,2000,2000,2000,2000,2000,2000,2000,2000,2000,0,2000,2000
34,250.03402,265.4762416667,249.2863933333,230.2277133333,250.4864433333,279.43749,280.965165,355.2684683333,358.8283633333,195.2777583333,292.9632366667,122.15716,2000,114.825165,127.77912,138.7938833333,136.7977433333,121.4268283333,126.688395,171.5170266667,181.39908,166.2400483333,194.7285,202.722755,151.9871716667,164.37861,187.8804783333,184.1073866667,188.8697366667,201.9320366667,370.2916683333,67.014165,2000,0,2000
35,65.2008616667,60.04361,54.8240416667,59.371945,59.05523,51.6729516667,63.34741,70.2382533333,65.9770166667,65.8512816667,78.6557216667,222.011455,2000,231.6107383333,237.1020666667,225.9482916667,200.9652133333,204.64867,208.8937416667,171.2534516667,186.2989533333,157.36611,157.8188116667,190.5412133333,154.169535,129.6498533333,133.8064883333,143.98969,147.255405,165.577455,271.9687233333,293.232345,2000,2000,0
